50
3
1 2 3
2 3 5
3 5 6
2 3 4
1 2 3
2
2 3
3 8
5 8
3
3 4 5
1 2 3
2 3 4
1 2 3
2 3 4
7
5 6 7 8 9 10 11
6 7 8 9 10 11 12
6 7 8 9 10 11 12
1 2 3 4 5 6 7
3 4 5 6 7 8 9
1 2 3 4 5 6 7
4 5 6 7 8 9 10
5 6 7 8 9 10 11
2 3 4 5 6 7 8
4 5 6 7 8 9 10
2 3 4 5 6 7 8
7 8 9 10 11 12 13
3 4 5 6 7 8 9
7
5 10 14 17 19 20 31
4 9 13 16 17 18 29
3 8 12 13 14 15 26
5 10 14 17 19 20 30
2 7 8 9 10 11 24
4 9 13 16 17 18 28
23 24 27 28 30 33 34
6 11 15 18 20 21 33
22 25 26 29 31 32 34
1 2 3 4 5 6 23
1 2 3 4 5 6 22
6 11 15 18 20 21 32
2 7 8 9 10 11 25
10
6 10 12 13 15 17 19 20 23 25
7 8 10 11 13 16 17 19 20 23
14 16 20 22 23 25 27 29 30 31
12 15 18 19 20 23 25 27 29 30
11 15 17 19 20 22 24 27 29 31
10 14 15 17 19 21 22 25 27 28
3 4 6 8 10 12 14 15 16 17
8 12 14 16 17 19 21 23 25 26
16 17 22 24 25 26 28 31 32 34
5 6 7 10 12 14 15 17 19 21
5 8 10 11 13 15 17 19 22 24
4 6 7 10 12 14 16 18 20 22
1 3 5 7 9 10 11 12 14 16
3 4 6 8 11 12 14 15 16 17
10 12 14 15 17 19 21 22 24 26
14 17 21 23 25 26 28 30 31 34
1 3 4 5 6 8 10 11 13 14
11 14 16 17 19 21 22 24 26 28
9 11 12 13 15 17 19 20 22 25
3
6 8 12
3 6 9
3 5 6
5 7 10
6 7 8
2
5 7
3 4
3 5
7
5 6 9 10 12 14 16
10 15 16 18 20 22 23
8 13 14 16 19 20 21
6 9 10 13 15 16 17
3 5 6 8 9 12 14
12 14 15 17 20 21 23
6 8 11 13 15 16 18
10 12 13 16 19 20 22
5 7 9 11 12 13 15
4 5 7 9 11 13 15
8 9 12 15 17 19 20
2 3 5 6 7 8 10
2 4 5 6 8 10 12
3
3 4 5
1 2 3
2 3 4
1 2 3
3 4 5
4
1 2 3 5
4 7 9 10
3 5 7 8
2 3 5 7
2 3 4 6
3 4 7 9
1 2 3 4
2
2 22
2 22
22 222
3
4 7 9
7 9 11
2 4 7
2 3 4
4 9 11
7
30 41 64 73 82 89 109
42 50 85 104 113 123 126
82 112 124 147 158 183 204
61 73 104 125 144 147 158
107 109 126 136 180 204 212
65 101 103 144 150 164 180
50 64 85 92 103 124 155
87 133 155 158 169 204 212
11 30 42 57 65 82 87
57 78 92 125 132 133 136
86 89 123 133 164 183 204
70 82 113 132 150 158 169
11 25 50 61 70 86 107
2
2 6
2 4
6 8
10
1 2 3 4 5 6 7 8 9 10
1 2 3 4 5 6 7 8 9 10
7 8 9 10 11 12 13 14 15 16
2 3 4 5 6 7 8 9 10 11
5 6 7 8 9 10 11 12 13 14
5 6 7 8 9 10 11 12 13 14
10 11 12 13 14 15 16 17 18 19
9 10 11 12 13 14 15 16 17 18
8 9 10 11 12 13 14 15 16 17
7 8 9 10 11 12 13 14 15 16
6 7 8 9 10 11 12 13 14 15
9 10 11 12 13 14 15 16 17 18
4 5 6 7 8 9 10 11 12 13
2 3 4 5 6 7 8 9 10 11
4 5 6 7 8 9 10 11 12 13
3 4 5 6 7 8 9 10 11 12
3 4 5 6 7 8 9 10 11 12
10 11 12 13 14 15 16 17 18 19
6 7 8 9 10 11 12 13 14 15
2
2 4
6 8
4 8
10
19 25 28 32 36 41 44 47 49 50
10 14 19 22 24 26 27 32 33 36
8 13 17 20 21 24 26 29 30 32
15 21 24 29 32 36 38 42 45 47
8 10 14 17 19 22 25 27 30 33
5 12 14 15 17 20 22 24 25 28
18 19 30 33 34 35 42 45 47 49
16 17 27 29 31 34 39 42 44 47
4 9 10 13 16 19 20 21 23 25
11 15 22 23 27 30 33 36 39 41
13 19 20 24 26 30 31 34 35 40
10 13 15 20 22 23 26 29 33 34
20 23 33 34 37 40 45 47 49 50
11 16 17 21 24 27 29 31 34 37
17 23 25 30 33 39 41 44 47 49
14 20 22 26 27 33 36 39 42 45
3 4 5 8 10 11 14 16 18 20
14 16 25 26 29 31 36 38 41 44
6 9 12 13 14 15 16 17 19 23
4
1 2 3 4
4 8 12 16
5 6 7 8
3 7 11 15
9 10 11 12
1 5 9 13
2 6 10 14
8
7 11 14 16 19 23 24 28
15 17 20 22 25 31 33 34
2 4 6 7 9 12 15 18
19 22 26 28 29 31 34 36
9 12 17 19 20 25 27 29
16 18 21 23 25 28 31 34
17 19 23 24 27 30 33 35
5 7 9 11 12 13 17 21
18 21 23 25 27 34 35 36
6 9 13 15 17 21 23 26
13 14 17 19 20 23 25 27
12 13 18 21 23 28 30 31
2 5 8 11 13 16 17 19
8 11 13 14 17 18 20 23
11 13 15 16 19 21 22 25
10
12 15 19 21 25 27 30 31 32 35
5 6 10 12 13 14 15 17 21 24
5 6 11 14 15 17 19 22 23 24
8 11 14 17 18 19 21 24 25 27
7 10 14 16 19 20 21 23 26 28
12 14 19 23 27 30 32 34 36 40
19 21 25 30 32 34 39 42 45 46
13 15 21 26 30 31 35 38 40 43
14 17 20 22 27 30 31 33 34 37
22 24 27 31 35 37 42 44 47 48
3 5 8 10 12 14 16 17 20 22
10 14 16 20 22 23 26 29 30 31
22 24 28 31 37 40 43 44 46 48
9 13 18 22 25 27 30 33 34 37
16 19 21 25 30 32 35 36 39 42
3 5 7 8 9 12 13 16 19 22
20 23 26 28 34 36 40 42 45 47
8 12 17 20 21 22 25 26 28 31
16 17 24 29 31 33 36 39 42 44
9
3 6 7 9 13 14 16 17 20
7 10 12 14 17 19 21 23 26
6 8 10 12 16 18 20 22 24
4 7 9 11 15 16 18 20 22
17 18 20 22 24 26 28 29 31
15 16 17 20 22 23 25 26 28
5 6 7 9 10 12 14 16 17
7 8 9 11 12 14 15 18 20
9 11 14 15 18 21 22 25 28
1 2 3 4 6 7 9 10 12
2 5 6 8 11 13 15 16 18
10 12 16 18 20 22 24 26 29
3 5 6 7 8 10 11 12 14
13 15 16 18 20 21 22 24 26
1 3 5 7 9 11 13 15 17
12 14 17 20 21 24 26 28 31
9 11 13 15 16 17 18 20 21
6
5 6 8 10 12 14
1 3 4 5 6 7
6 8 12 14 15 19
8 11 12 14 15 18
3 4 6 7 8 10
7 9 10 11 14 16
5 7 10 11 14 17
7 10 14 16 18 21
1 3 5 7 8 9
4 6 8 10 12 15
9 13 15 17 19 21
3
3 5 7
2 3 4
3 5 6
5 6 9
2 3 5
5
3 7 8 9 12
4 8 10 12 13
1 2 3 4 5
2 5 7 8 10
4 7 8 10 12
5 8 9 12 13
3 5 7 8 9
1 3 4 5 7
7 10 12 13 14
4
3 5 6 11
1 2 3 7
8 9 12 13
7 10 11 13
1 2 3 8
2 4 5 9
3 5 6 12
5
8 13 17 22 25
3 6 9 11 14
3 5 8 11 12
11 14 22 27 29
9 13 17 20 24
5 9 13 14 18
6 9 13 18 20
12 20 24 29 33
11 18 20 27 32
7
16 17 20 23 26 28 30
11 12 14 17 18 21 24
2 5 8 11 12 13 16
5 7 10 12 15 17 22
13 15 18 22 25 27 29
8 11 12 14 17 20 23
2 5 7 10 13 16 19
5 7 11 12 14 15 17
13 15 17 18 21 25 26
10 12 14 17 19 22 23
19 22 23 24 25 29 30
16 17 20 21 23 27 28
7 10 12 14 16 18 20
6
1 3 4 5 6 8
3 4 6 8 10 12
6 10 11 18 20 23
1 3 4 7 10 12
4 6 9 13 15 18
4 7 9 10 11 14
12 16 18 21 23 24
10 13 15 16 20 21
8 12 14 19 21 24
5 8 10 15 16 21
3 4 7 10 13 16
7
8 10 12 13 14 15 17
12 14 17 19 21 23 24
2 4 6 7 8 9 11
8 11 13 14 18 19 21
2 4 6 8 9 11 12
6 7 10 12 13 14 15
9 13 14 15 19 20 23
11 13 15 18 19 20 21
9 12 14 16 18 19 20
4 5 7 10 12 13 14
11 14 15 17 20 21 24
4 5 8 9 11 13 14
6 8 10 12 14 15 17
10
3 4 8 11 12 14 17 19 20 22
11 14 18 21 24 25 29 30 32 34
14 16 19 24 28 31 32 38 41 45
10 15 18 21 23 27 31 35 37 40
8 12 15 18 19 20 25 28 31 32
6 13 15 18 20 22 26 29 32 34
12 17 20 23 28 29 30 32 36 39
5 9 12 14 17 20 21 23 25 26
14 20 22 27 31 35 37 41 45 48
24 27 31 32 36 45 46 48 52 56
22 26 34 40 45 46 50 54 56 58
23 24 28 30 32 41 43 46 49 54
19 22 25 29 30 37 41 45 48 50
4 9 13 15 16 19 22 24 27 30
17 21 26 31 32 36 41 43 46 50
26 30 32 34 39 48 50 54 55 58
19 23 29 35 38 39 45 46 48 54
18 19 20 25 29 35 36 39 44 46
20 25 32 37 41 44 48 49 52 55
10
12 19 22 25 30 33 37 38 42 46
14 22 23 29 31 34 39 43 46 47
23 24 29 32 40 46 47 51 56 58
1 2 5 8 9 12 15 18 20 23
20 21 28 29 38 42 46 50 55 56
20 32 35 37 43 47 49 55 56 58
15 16 24 25 33 37 39 43 47 49
7 11 14 16 19 22 24 25 28 29
5 10 14 17 20 22 23 28 31 35
1 3 7 9 11 12 14 15 16 20
8 13 16 18 22 25 29 33 34 37
15 24 28 33 37 41 43 45 50 51
9 12 17 18 21 23 25 26 29 32
12 15 22 23 29 33 34 41 44 47
2 6 11 12 15 19 22 24 28 32
16 28 31 34 41 44 47 51 55 56
11 15 20 22 26 29 33 35 38 40
18 19 25 26 35 38 43 45 51 55
9 14 19 21 26 30 31 37 41 43
2
2 4
1 2
1 2
2
2 22
22 222
22 222
6
4 5 6 8 9 11
6 8 9 10 12 14
5 6 8 9 10 13
2 4 5 7 8 9
3 5 6 8 9 11
2 4 5 6 8 10
8 10 11 12 14 16
8 9 11 13 14 16
1 2 4 5 6 8
5 7 8 9 10 12
1 2 3 5 7 8
2
4 8
2 4
2 6
7
10 13 15 18 19 20 22
10 14 16 17 20 22 26
9 12 14 16 17 18 20
7 11 13 15 17 19 22
9 12 14 16 18 20 24
2 4 5 7 9 10 11
2 3 4 6 7 9 10
4 7 9 11 14 15 17
6 9 10 13 16 18 20
4 6 7 9 11 12 14
5 8 9 10 13 14 16
3 6 8 10 12 13 14
11 14 17 20 22 24 26
7
3 10 17 24 31 38 45
22 23 24 25 26 27 28
5 12 19 26 33 40 47
1 2 3 4 5 6 7
4 11 18 25 32 39 46
15 16 17 18 19 20 21
1 8 15 22 29 36 43
29 30 31 32 33 34 35
8 9 10 11 12 13 14
43 44 45 46 47 48 49
2 9 16 23 30 37 44
7 14 21 28 35 42 49
36 37 38 39 40 41 42
4
2 3 4 5
4 5 6 7
2 3 4 5
1 2 3 4
3 4 5 6
3 4 5 6
1 2 3 4
6
1 3 4 6 7 9
1 2 4 7 8 10
7 12 14 18 20 21
7 10 13 16 18 21
10 15 17 20 21 25
9 15 16 21 24 25
4 8 10 13 16 17
2 6 8 9 12 15
6 9 13 16 18 20
3 6 9 10 12 15
4 9 10 13 14 16
4
56 72 94 110
16 23 35 56
35 68 82 83
23 47 53 68
35 53 82 94
48 68 83 110
16 31 35 48
2
2 6
6 8
4 8
8
11 14 15 18 19 21 24 25
10 17 19 21 22 23 25 27
10 12 14 16 18 20 22 23
7 8 10 13 15 16 19 21
2 4 6 7 8 10 11 13
5 8 9 10 12 14 15 17
8 14 15 16 18 20 21 23
4 6 8 10 12 14 16 17
6 7 9 11 13 15 17 19
13 16 17 20 21 23 25 27
7 12 13 15 17 18 19 21
4 6 7 8 10 12 14 16
8 10 12 14 17 18 20 22
6 10 11 13 14 16 18 20
2 4 5 6 7 8 9 10
8
3 5 6 9 12 15 18 20
7 10 11 15 16 21 22 23
9 18 21 22 24 26 28 30
11 17 20 21 26 29 30 32
3 6 10 11 13 17 18 20
10 16 18 19 25 27 28 30
8 15 18 21 22 24 27 29
7 12 14 16 19 22 25 26
2 5 7 10 12 15 16 17
9 15 17 18 22 24 26 29
10 20 22 23 26 29 30 32
1 2 3 4 7 8 9 10
5 7 10 13 14 18 21 22
1 3 5 7 8 9 10 11
4 9 13 15 16 18 19 21
10
15 19 21 23 26 27 29 34 36 40
13 17 20 22 23 25 27 32 35 38
6 8 11 12 14 18 20 21 22 24
20 21 27 30 33 36 39 41 44 45
11 13 15 17 18 21 23 26 28 31
12 15 16 18 20 23 24 29 31 34
13 14 17 18 20 23 26 28 33 35
9 12 13 16 17 19 21 22 25 27
17 20 21 23 24 27 29 33 39 41
18 20 24 26 28 30 33 36 38 42
10 12 16 17 18 22 23 26 30 33
16 18 19 21 23 25 27 30 36 37
8 11 13 15 16 20 21 24 27 29
3 6 9 11 12 13 15 18 20 23
23 26 29 33 35 37 41 43 45 47
21 22 25 28 31 35 36 38 44 45
3 5 8 10 13 16 17 18 21 22
18 21 22 26 29 32 34 36 41 43
22 24 27 31 34 38 40 42 45 47
10
69 100 125 170 195 227 252 278 286 325
67 87 118 165 183 226 235 255 281 305
98 130 154 206 207 236 287 310 320 349
109 185 192 228 238 276 281 286 310 320
81 123 148 193 201 228 275 287 310 339
69 110 126 136 150 159 183 195 201 207
81 133 150 170 192 201 226 227 228 236
59 75 104 150 159 201 210 251 276 279
23 29 51 63 72 75 87 100 123 130
50 72 90 136 150 192 200 228 238 255
31 63 80 122 136 170 176 206 228 246
6 23 41 65 69 81 102 106 109 117
65 88 104 122 136 150 165 170 193 206
41 46 71 80 90 104 118 125 148 154
106 160 187 206 228 251 255 278 287 310
102 157 163 176 200 210 235 252 275 287
28 29 46 88 110 133 157 160 185 202
6 28 29 31 50 59 67 69 81 98
29 51 71 104 126 150 163 187 192 207
4
8 10 11 15
2 5 8 11
5 8 10 13
11 13 15 17
3 8 10 13
2 3 4 6
4 10 11 15
10
47 49 50 53 54 56 58 60 63 64
5 13 20 26 31 32 33 34 35 55
2 10 11 12 13 14 15 16 17 48
2 10 11 12 13 14 15 16 17 49
46 48 51 52 55 57 59 61 62 64
7 15 22 28 33 37 40 41 42 59
6 14 21 27 32 36 37 38 39 56
3 11 18 19 20 21 22 23 24 50
6 14 21 27 32 36 37 38 39 57
3 11 18 19 20 21 22 23 24 51
1 2 3 4 5 6 7 8 9 47
9 17 24 30 35 39 42 44 45 63
8 16 23 29 34 38 41 43 44 61
4 12 19 25 26 27 28 29 30 53
9 17 24 30 35 39 42 44 45 62
7 15 22 28 33 37 40 41 42 58
5 13 20 26 31 32 33 34 35 54
4 12 19 25 26 27 28 29 30 52
1 2 3 4 5 6 7 8 9 46
3
2 3 4
3 4 5
2 3 4
3 4 5
1 2 3
10
71 72 73 74 75 76 77 78 79 80
5 15 25 35 45 55 65 75 85 95
9 19 29 39 49 59 69 79 89 99
2 12 22 32 42 52 62 72 82 92
1 11 21 31 41 51 61 71 81 91
10 20 30 40 50 60 70 80 90 100
21 22 23 24 25 26 27 28 29 30
41 42 43 44 45 46 47 48 49 50
7 17 27 37 47 57 67 77 87 97
3 13 23 33 43 53 63 73 83 93
6 16 26 36 46 56 66 76 86 96
61 62 63 64 65 66 67 68 69 70
1 2 3 4 5 6 7 8 9 10
81 82 83 84 85 86 87 88 89 90
31 32 33 34 35 36 37 38 39 40
8 18 28 38 48 58 68 78 88 98
51 52 53 54 55 56 57 58 59 60
4 14 24 34 44 54 64 74 84 94
11 12 13 14 15 16 17 18 19 20
